idx1(Q:0.3560, distinct_name:3, dictinctin_value:0.250012229520045, par:None)
	idx4(Q:0.4422, distinct_name:3, dictinctin_value:-0.24510287396035585, par:1)
		idx6(Q:0.5123, distinct_name:3, dictinctin_value:-0.8266020505663632, par:4)
			idx8(Q:0.6300, distinct_name:3, dictinctin_value:-1.3028771627975209, par:6)
				idx10(Q:0.7494, par:8)
				idx11(Q:0.5227, par:8)
			idx9(Q:0.3899, distinct_name:0, dictinctin_value:-0.06621668161557442, par:6)
				idx12(Q:0.4814, par:9)
				idx13(Q:0.3065, par:9)
		idx7(Q:0.2971, distinct_name:1, dictinctin_value:-0.13952848319316744, par:4)
			idx14(Q:0.3666, distinct_name:1, dictinctin_value:-0.6307035456461858, par:7)
				idx22(Q:0.4647, par:14)
				idx23(Q:0.2293, par:14)
			idx15(Q:0.2433, distinct_name:1, dictinctin_value:1.7477283251765794, par:7)
				idx24(Q:0.2410, par:15)
				idx25(Q:0.2688, par:15)
	idx5(Q:0.2283, distinct_name:0, dictinctin_value:-0.007051682908183695, par:1)
		idx16(Q:0.2631, distinct_name:1, dictinctin_value:-0.01647048059539353, par:5)
			idx18(Q:0.2992, distinct_name:1, dictinctin_value:-0.05168145679483086, par:16)
				idx26(Q:0.3016, par:18)
				idx27(Q:0.2064, par:18)
			idx19(Q:0.2275, distinct_name:0, dictinctin_value:-0.12888720339905424, par:16)
				idx28(Q:0.2365, par:19)
				idx29(Q:0.1439, par:19)
		idx17(Q:0.1941, distinct_name:0, dictinctin_value:0.7620628505133097, par:5)
			idx20(Q:0.1714, distinct_name:1, dictinctin_value:-0.24144758598569346, par:17)
				idx30(Q:0.2285, par:20)
				idx31(Q:0.1324, par:20)
			idx21(Q:0.2217, distinct_name:0, dictinctin_value:1.2587935691614498, par:17)
				idx32(Q:0.1846, par:21)
				idx33(Q:0.2651, par:21)