idx1(Q:0.4018, distinct_name:2, dictinctin_value:-1.2975354018177117, par:None)
	idx4(Q:0.8669, distinct_name:2, dictinctin_value:-1.6898797862294734, par:1)
		idx14(Q:0.9994, distinct_name:2, dictinctin_value:-1.8156095426651853, par:4)
			idx18(Q:1.0359, distinct_name:0, dictinctin_value:0.7030482171444068, par:14)
				idx26(Q:1.0648, par:18)
				idx27(Q:0.9404, par:18)
			idx19(Q:0.8858, distinct_name:1, dictinctin_value:0.9722498570985733, par:14)
				idx32(Q:0.8853, par:19)
				idx33(Q:0.8909, par:19)
		idx15(Q:0.7492, distinct_name:0, dictinctin_value:0.31013207569333945, par:4)
			idx20(Q:0.8101, distinct_name:0, dictinctin_value:-0.08257439315071849, par:15)
				idx28(Q:0.8352, par:20)
				idx29(Q:0.7342, par:20)
			idx21(Q:0.6441, distinct_name:0, dictinctin_value:2.3332385876998147, par:15)
				idx30(Q:0.6475, par:21)
				idx31(Q:0.5153, par:21)
	idx5(Q:0.3516, distinct_name:2, dictinctin_value:-0.8795184816299216, par:1)
		idx6(Q:0.5496, distinct_name:3, dictinctin_value:0.20387872309201036, par:5)
			idx16(Q:0.5937, distinct_name:0, dictinctin_value:0.3863467722885742, par:6)
				idx22(Q:0.6446, par:16)
				idx23(Q:0.4983, par:16)
			idx17(Q:0.4882, distinct_name:0, dictinctin_value:0.8163089184125524, par:6)
				idx24(Q:0.5225, par:17)
				idx25(Q:0.3493, par:17)
		idx7(Q:0.3296, distinct_name:0, dictinctin_value:0.6919853332725229, par:5)
			idx8(Q:0.3634, distinct_name:0, dictinctin_value:0.3243657869110945, par:7)
				idx10(Q:0.3844, par:8)
				idx11(Q:0.2587, par:8)
			idx9(Q:0.2265, distinct_name:0, dictinctin_value:1.152126710614656, par:7)
				idx12(Q:0.2382, par:9)
				idx13(Q:0.2153, par:9)