idx1(Q:0.4894, distinct_name:1, dictinctin_value:-1.2077774469287943, par:None)
	idx4(Q:0.5248, distinct_name:3, dictinctin_value:-0.18842616032204293, par:1)
		idx6(Q:0.5357, par:4)
		idx7(Q:0.5138, par:4)
	idx5(Q:0.4855, distinct_name:0, dictinctin_value:-0.1481718791753997, par:1)
		idx8(Q:0.4751, distinct_name:1, dictinctin_value:-0.7807339836686452, par:5)
			idx10(Q:0.5040, par:8)
			idx11(Q:0.4710, distinct_name:1, dictinctin_value:-0.45116051710026833, par:8)
				idx12(Q:0.4988, par:11)
				idx13(Q:0.4664, distinct_name:2, dictinctin_value:0.2842084565580777, par:11)
					idx14(Q:0.4631, distinct_name:1, dictinctin_value:-0.012702336227522084, par:13)
						idx16(Q:0.4808, par:14)
						idx17(Q:0.4572, distinct_name:0, dictinctin_value:-1.0058584980533765, par:14)
							idx18(Q:0.4342, par:17)
							idx19(Q:0.4687, distinct_name:1, dictinctin_value:0.7193345704691849, par:17)
								idx20(Q:0.4776, par:19)
								idx21(Q:0.4598, par:19)
					idx15(Q:0.4729, distinct_name:1, dictinctin_value:0.40996507383829944, par:13)
						idx22(Q:0.4926, par:15)
						idx23(Q:0.4532, par:15)
		idx9(Q:0.4938, distinct_name:0, dictinctin_value:0.1392793253033209, par:5)
			idx24(Q:0.4920, distinct_name:2, dictinctin_value:0.036265046099233256, par:9)
				idx26(Q:0.4914, par:24)
				idx27(Q:0.4926, par:24)
			idx25(Q:0.4943, distinct_name:3, dictinctin_value:0.29175197089947286, par:9)
				idx28(Q:0.5039, distinct_name:1, dictinctin_value:-0.6252068543980973, par:25)
					idx30(Q:0.5227, par:28)
					idx31(Q:0.4992, distinct_name:1, dictinctin_value:0.8463181709680151, par:28)
						idx32(Q:0.5052, distinct_name:0, dictinctin_value:0.5558239345547372, par:31)
							idx34(Q:0.5066, par:32)
							idx35(Q:0.5046, distinct_name:1, dictinctin_value:0.027301623428887915, par:32)
								idx36(Q:0.5060, par:35)
								idx37(Q:0.5031, par:35)
						idx33(Q:0.4812, par:31)
				idx29(Q:0.4782, distinct_name:3, dictinctin_value:1.1852598497601718, par:25)
					idx38(Q:0.4882, distinct_name:1, dictinctin_value:0.09322254479903613, par:29)
						idx40(Q:0.4980, par:38)
						idx41(Q:0.4784, par:38)
					idx39(Q:0.4581, par:29)