idx1(Q:0.3151, distinct_name:2, dictinctin_value:0.27112865963951965, par:None)
	idx4(Q:0.2690, distinct_name:3, dictinctin_value:-0.41355889577927996, par:1)
		idx6(Q:0.3505, distinct_name:2, dictinctin_value:-0.5073289557414943, par:4)
			idx8(Q:0.3660, distinct_name:2, dictinctin_value:-0.5383558912544876, par:6)
				idx20(Q:0.3662, par:8)
				idx21(Q:0.3622, par:8)
			idx9(Q:0.3353, distinct_name:0, dictinctin_value:1.698009202058949, par:6)
				idx22(Q:0.3248, par:9)
				idx23(Q:0.5588, par:9)
		idx7(Q:0.2269, distinct_name:0, dictinctin_value:-0.6229885062612627, par:4)
			idx10(Q:0.3119, distinct_name:0, dictinctin_value:-0.6395838077703019, par:7)
				idx24(Q:0.3140, par:10)
				idx25(Q:0.2223, par:10)
			idx11(Q:0.1958, distinct_name:0, dictinctin_value:0.656365551284201, par:7)
				idx12(Q:0.1877, par:11)
				idx13(Q:0.2109, par:11)
	idx5(Q:0.3867, distinct_name:1, dictinctin_value:0.6433119982747769, par:1)
		idx14(Q:0.3896, distinct_name:0, dictinctin_value:-0.4530810366061603, par:5)
			idx16(Q:0.5143, distinct_name:0, dictinctin_value:-0.9955961474034238, par:14)
				idx26(Q:0.5805, par:16)
				idx27(Q:0.4498, par:16)
			idx17(Q:0.3289, distinct_name:2, dictinctin_value:0.8301260932897824, par:14)
				idx18(Q:0.2564, par:17)
				idx19(Q:0.3966, par:17)
		idx15(Q:0.3786, distinct_name:2, dictinctin_value:2.3036477090992835, par:5)
			idx28(Q:0.3731, distinct_name:2, dictinctin_value:0.8982015619286207, par:15)
				idx30(Q:0.3353, par:28)
				idx31(Q:0.4174, par:28)
			idx29(Q:0.5901, distinct_name:1, dictinctin_value:2.4764469647542042, par:15)
				idx32(Q:0.5877, par:29)
				idx33(Q:0.7522, par:29)